[(297, 0), (70.28695652173913, 51), (69.59756097560975, 56), (67.03048780487805, 57), (50.96951219512195, 101), (43.03048780487805, 102), (11.96951219512195, 103), (8.251920122887865, 104), (4.030487804878049, 105), (0.04256761669326569, 151), (0.017366975687201736, 152), (0.0029436233606198975, 1850), (0.0022678820484622352, 2050), (0.0003122610050149071, 2353), (7.918626948427753e-05, 3501), (6.818312517354279e-12, 9300)]
[(1.7304106967595159, 0), (0.9858041064937617, 2), (0.37347916958572697, 3), (0.23823326794638272, 4), (0.08239890798081959, 101), (0.025414061991940354, 152), (0.0061099428189404755, 187), (0.0005622864460864712, 501), (0.0002533065877393796, 502), (5.5533423220362915e-05, 702), (3.563081496464071e-05, 752), (2.1613967115563947e-07, 1400), (1.6068037419474567e-07, 2405), (6.500275898771119e-09, 2413), (3.03137100076465e-09, 7909), (0, 8652)]
[(0.00011604446108183923, 0), (4.874968464914131e-07, 5), (4.800899030292732e-07, 702), (4.786307812511559e-07, 711), (3.338781471821788e-07, 2403), (2.502287072879583e-07, 3003), (1.2313853296808544e-09, 4101), (1.087759879974054e-09, 4115), (3.518337481809481e-10, 8202), (2.0791368222910052e-10, 8208)]
[(0.0008369346342033601, 0), (5.875780135497912e-06, 1), (2.972442108474512e-06, 452), (4.7152329725969805e-11, 557), (3.843514084803945e-11, 564), (2.2991233482276622e-11, 567), (8.727293044309408e-12, 653), (8.631611214719684e-12, 654), (8.557766321067069e-14, 657)]
[(2.312097896497815e-06, 0), (1.4102656464645803e-08, 57), (2.242769135497693e-09, 3452), (2.2192831505433807e-09, 3568), (3.1336773158410924e-10, 3902), (2.661075900811417e-10, 3905), (2.5546477335906313e-10, 9153)]
[(0.023906430074838208, 0), (0.0042546734050522535, 1), (0.0028744780814779843, 6), (3.693707862189837e-06, 7), (3.135939942829149e-06, 21), (1.5197913874703934e-06, 101), (2.0476722006429952e-07, 200), (3.2737986409164327e-10, 253), (3.1761076868214915e-10, 261), (2.5692668010848367e-12, 654), (2.4797521576486574e-12, 1153), (2.081228332067027e-12, 1202), (1.6841113060093629e-12, 1503), (1.5246464482304405e-12, 1554), (7.044388867739181e-13, 1556), (2.278402436767609e-13, 2606), (1.4150134015871492e-13, 2904)]
[(0.0013104292481503133, 0), (0.0008588570058578544, 100), (2.7685068722670134e-06, 850), (8.337757847954937e-07, 1450), (5.534830558293775e-07, 5521), (3.0250714009439195e-08, 7515), (7.325883192778311e-09, 7519), (1.6881230576679261e-09, 7522)]
[(4.650414278827343, 0), (2.1394763431891684, 4), (0.7964531781874182, 5), (0.5732284189058537, 50), (0.048026752544668413, 51), (0.010547700525197504, 53), (0.003050990610685312, 201), (0.0015078016386489172, 252), (1.956457890472894e-06, 253), (1.5078144057675995e-06, 6202), (1.4555722207780632e-06, 6203), (7.695523761711716e-07, 7050), (1.3498794687000487e-09, 8350), (1.3129771358690762e-09, 8411), (9.768662784408348e-10, 8452), (2.2617707133476688e-10, 8456)]
[(0.07187758542133088, 0), (0.0001250569636957522, 3), (3.6804753550189886e-07, 153), (1.5301804649826298e-07, 157), (1.5144860099515386e-07, 160), (8.330644038485278e-08, 1505), (1.4849735052439878e-09, 2151), (1.407687668196935e-09, 2154), (4.399811461973918e-10, 2155), (2.788082984116784e-12, 2160), (2.787510540380825e-12, 2166), (1.8703582687374236e-12, 3104), (5.195530645415491e-13, 5905), (2.492305132223448e-14, 6404)]
[(0.40449167449818063, 0), (0.16654408975859472, 3), (0.1657842294384568, 14), (0.0012620086557155554, 19), (0.0010165451100852172, 26), (0.001015715622615382, 33), (0.0008107685271413439, 39), (0.00045666340042667375, 302), (1.2923615674241813e-06, 401), (6.830539846366103e-07, 1104), (2.608492772675875e-09, 1116), (3.5971692405204e-10, 1553), (3.446841547667548e-10, 1568), (2.753109198768536e-10, 1803), (2.6027815059156844e-10, 1812), (2.451987680664008e-10, 1831), (6.212473920414916e-11, 4004), (3.2012587393696375e-11, 4010), (1.1498186083661653e-12, 7303)]
[(0.24486433985732176, 0), (0.0015476493175611411, 50), (4.930032726278915e-07, 303), (5.89379167554938e-10, 9801)]
[(0.9463801457495432, 0), (0.9265724622541369, 1), (0.5565834940533592, 2), (0.24752814057126987, 102), (0.09040457413719816, 202), (0.010385056563705142, 213), (0.00039576304150292527, 250), (0.00016459622781921595, 600), (0.00013962126278348175, 652), (0.00013962010016079412, 3052), (1.310151128174879e-05, 4250), (4.907327238598959e-06, 8003), (8.932002231383941e-08, 8100), (3.7091347175118924e-10, 8101), (3.708657801061378e-10, 9653)]
[(0.0006129762038673684, 0), (0.00014214175202619634, 54), (4.849603797406894e-05, 56), (4.0691250090280306e-05, 61), (8.296160488710117e-06, 702), (8.171047047417676e-09, 703), (3.267445293123833e-09, 1700), (2.022824023970845e-09, 4606)]
[(56.405187184100654, 0), (3.462967526413846, 1), (0.28476239820871774, 3), (0.2708429427620742, 4), (0.2701153545138172, 9), (0.0009188209071223709, 50), (1.615003559578277e-05, 59), (2.444110687382439e-06, 60), (1.389714453628654e-06, 952), (1.3897013549455152e-06, 2102), (1.3892632330754034e-06, 2702), (2.2870305878917748e-07, 3952), (1.3202248080216397e-08, 3953), (3.691467949451498e-09, 3963)]
[(0.2631578946891701, 0), (0.05947832023303182, 3), (0.0027713263123182066, 4), (0.0014362887489073202, 150), (0.0003416736070525262, 151), (0.0001951327163265104, 650), (0.00016593594834680482, 651), (5.267140363730859e-06, 750), (1.1583148047967468e-06, 2053), (1.1582934384963945e-06, 2054), (1.1582722571856553e-06, 2072), (7.349756179529904e-07, 7001)]
[(79.70613545210956, 0), (31.64048337547407, 2), (31.640483374290657, 4), (0.23271638399939393, 6), (0.014276767238983447, 50), (4.545702781540987e-06, 51), (5.283914216143759e-07, 68)]
[(0.34947922766840617, 0), (0.1599771843547797, 2), (0.0016966832759344578, 9), (0.0010075201778941834, 10), (0.0009106053811656984, 24), (0.00015273332938231868, 351), (2.349043018999003e-06, 658), (9.286535010574678e-07, 3002)]
[(60.62990936555891, 0), (1.0209252116596301, 3), (0.40728854523901026, 5), (0.33052436648694483, 11), (0.24826351230093402, 12), (0.2436460824590172, 14), (0.06074822022623805, 15), (0.006903970941392501, 19), (0.002719294634565242, 450), (0.00043002001217617254, 457), (8.010851490348202e-05, 502), (6.363810990270541e-07, 710), (5.708824542570934e-07, 1901), (4.558078180033838e-07, 1902), (2.423378418818258e-07, 3802), (5.03176730972193e-09, 6052), (5.090443328859672e-11, 6652)]
[(1.027964005608011, 0), (0.01317179715144709, 1), (0.0016327430320136186, 2), (0.00028808423473614586, 101), (0.00015896440681193596, 102), (4.960755426426054e-09, 600), (2.070789650139091e-09, 852), (1.127932628693698e-09, 856)]
